1.0,0.0,0.0,0.0,1.0,0.0,0.0,0.0,1.0,0.1992,0.0,0.7535,0
1.0,0.0,0.0,0.0,1.0,0.0,0.0,0.0,1.0,0.19920029807751063,0.0,0.753499784668032,0
0.9999999999756326,0.0,6.981035678945174e-06,0.0,1.0,0.0,-6.981035678945174e-06,0.0,0.9999999999756326,0.19920237264512541,0.0,0.7534982859949987,0
0.9999999997252269,0.0,2.3442400335957595e-05,0.0,1.0,0.0,-2.3442400335957595e-05,0.0,0.9999999997252269,0.19920796737038002,0.0,0.7534942443509429,0
0.9999999984716841,0.0,5.528681409355576e-05,0.0,1.0,0.0,-5.528681409355576e-05,0.0,0.9999999984716841,0.1992187903337067,0.0,0.7534864258141241,0
0.9999999942287566,0.0,0.00010743596518739601,0.0,1.0,0.0,-0.00010743596518739601,0.0,0.9999999942287566,0.19923651426970296,0.0,0.7534736219967242,0
0.9999999829414304,0.0,0.0001847082532750148,0.0,1.0,0.0,-0.0001847082532750148,0.0,0.9999999829414304,0.19926277680839988,0.0,0.7534546498705552,0
0.9999999574206893,0.0,0.00029181949863410733,0.0,1.0,0.0,-0.00029181949863410733,0.0,0.9999999574206893,0.1992991807165307,0.0,0.7534283515927659,0
0.9999999060893012,0.0,0.0004333836506149467,0.0,1.0,0.0,-0.0004333836506149467,0.0,0.9999999060893012,0.19934729413879926,0.0,0.7533935943315492,0
0.9999998115550927,0.0,0.0006139134948735755,0.0,1.0,0.0,-0.0006139134948735755,0.0,0.9999998115550927,0.1994086508391486,0.0,0.7533492700918488,0
0.9999996490276238,0.0,0.0008378213587626534,0.0,1.0,0.0,-0.0008378213587626534,0.0,0.9999996490276238,0.1994847504420294,0.0,0.7532942955410664,0
0.9999993845936487,0.0,0.00110941981409766,0.0,1.0,0.0,-0.00110941981409766,0.0,0.9999993845936487,0.19957705867366832,0.0,0.7532276118347687,0
0.9999989733662047,0.0,0.0014329223763511283,0.0,1.0,0.0,-0.0014329223763511283,0.0,0.9999989733662047,0.19968700760333688,0.0,0.7531481844423945,0
0.9999983575216636,0.0,0.001812444199160024,0.0,1.0,0.0,-0.001812444199160024,0.0,0.9999983575216636,0.19981599588461954,0.0,0.7530550029729615,0
0.999997464238563,0.0,0.002252002762864261,0.0,1.0,0.0,-0.002252002762864261,0.0,0.999997464238563,0.19996538899668248,0.0,0.7529470810007731,0
0.9999962035515383,0.0,0.0027555185556303874,0.0,1.0,0.0,-0.0027555185556303874,0.0,0.9999962035515383,0.20013651948554198,0.0,0.7528234558911263,0
0.9999944661331858,0.0,0.003326815745556136,0.0,1.0,0.0,-0.003326815745556136,0.0,0.9999944661331858,0.2003306872053329,0.0,0.7526831886260177,0
0.9999921210162069,0.0,0.003969622842000903,0.0,1.0,0.0,-0.003969622842000903,0.0,0.9999921210162069,0.20054915955957717,0.0,0.7525253636298508,0
0.999989013267717,0.0,0.004687573344246411,0.0,1.0,0.0,-0.004687573344246411,0.0,0.999989013267717,0.2007931717424525,0.0,0.7523490885951438,0
0.9999849616271393,0.0,0.0054842063754623116,0.0,1.0,0.0,-0.0054842063754623116,0.0,0.9999849616271393,0.2010639269800606,0.0,0.7521534943082354,0
0.9999797561186633,0.0,0.0063629672998350316,0.0,1.0,0.0,-0.0063629672998350316,0.0,0.9999797561186633,0.2013625967716957,0.0,0.7519377344749925,0
0.9999731556488035,0.0,0.007327208320615768,0.0,1.0,0.0,-0.007327208320615768,0.0,0.9999731556488035,0.20169032113111338,0.0,0.751700985546517,0
0.999964885599176,0.0,0.008380189056756608,0.0,1.0,0.0,-0.008380189056756608,0.0,0.999964885599176,0.2020482088277985,0.0,0.7514424465448533,0
0.9999546354241878,0.0,0.009525077095732819,0.0,1.0,0.0,-0.009525077095732819,0.0,0.9999546354241878,0.2024373376282343,0.0,0.7511613388886943,0
0.9999420562629415,0.0,0.01076494852009566,0.0,1.0,0.0,-0.01076494852009566,0.0,0.9999420562629415,0.20285875453717042,0.0,0.7508569062190895,0
0.9999267585742555,0.0,0.012102788405263522,0.0,1.0,0.0,-0.012102788405263522,0.0,0.9999267585742555,0.20331347603889172,0.0,0.7505284142251512,0
0.999908309803329,0.0,0.013541491286041032,0.0,1.0,0.0,-0.013541491286041032,0.0,0.999908309803329,0.2038024883384866,0.0,0.7501751504697621,0
0.9998862320882077,0.0,0.015083861589355521,0.0,1.0,0.0,-0.015083861589355521,0.0,0.9998862320882077,0.20432674760311553,0.0,0.7497964242152817,0
0.9998600000138514,0.0,0.0167326140307186,0.0,1.0,0.0,-0.0167326140307186,0.0,0.9998600000138514,0.20488718020327962,0.0,0.7493915662492541,0
0.9998290384212579,0.0,0.018490373971957356,0.0,1.0,0.0,-0.018490373971957356,0.0,0.9998290384212579,0.20548468295408895,0.0,0.7489599287101143,0
0.9997927202787648,0.0,0.020359677737814885,0.0,1.0,0.0,-0.020359677737814885,0.0,0.9997927202787648,0.20612012335653127,0.0,0.7485008849128955,0
0.9997503646223277,0.0,0.02234297288909322,0.0,1.0,0.0,-0.02234297288909322,0.0,0.9997503646223277,0.2067943398387404,0.0,0.7480138291749359,0
0.9997012345712606,0.0,0.02444261845010303,0.0,1.0,0.0,-0.02444261845010303,0.0,0.9997012345712606,0.20750814199726478,0.0,0.7474981766415862,0
0.9996445354256226,0.0,0.0266608850882936,0.0,1.0,0.0,-0.0266608850882936,0.0,0.9996445354256226,0.20826231083833577,0.0,0.7469533631119164,0
0.9995794128511463,0.0,0.02899995524406255,0.0,1.0,0.0,-0.02899995524406255,0.0,0.9995794128511463,0.20905759901913645,0.0,0.7463788448644225,0
0.9995049511573207,0.0,0.031461923208887646,0.0,1.0,0.0,-0.031461923208887646,0.0,0.9995049511573207,0.2098947310890699,0.0,0.7457740984827335,0
0.99942017167397,0.0,0.03404879515008202,0.0,1.0,0.0,-0.03404879515008202,0.0,0.99942017167397,0.2107744037310277,0.0,0.7451386206813192,0
0.9993240312314096,0.0,0.03676248908064845,0.0,1.0,0.0,-0.03676248908064845,0.0,0.9993240312314096,0.21169728600265866,0.0,0.7444719281311962,0
0.9992154207490052,0.0,0.039604834772897196,0.0,1.0,0.0,-0.039604834772897196,0.0,0.9992154207490052,0.21266401957763692,0.0,0.7437735572856355,0
0.9990931639367198,0.0,0.04257757361469602,0.0,1.0,0.0,-0.04257757361469602,0.0,0.9990931639367198,0.21367521898693093,0.0,0.7430430642058697,0
0.9989560161139902,0.0,0.04568235840743593,0.0,1.0,0.0,-0.04568235840743593,0.0,0.9989560161139902,0.21473147186007147,0.0,0.742280024386799,0
0.9988026631500524,0.0,0.048920753105026624,0.0,1.0,0.0,-0.048920753105026624,0.0,0.9988026631500524,0.21583333916642045,0.0,0.7414840325826995,0
0.9986317205296047,0.0,0.05229423249347495,0.0,1.0,0.0,-0.05229423249347495,0.0,0.9986317205296047,0.21698135545643943,0.0,0.7406547026329293,0
0.9984417325474839,0.0,0.055804181810851235,0.0,1.0,0.0,-0.055804181810851235,0.0,0.9984417325474839,0.2181760291029578,0.0,0.739791667287636,0
0.9982311716358178,0.0,0.059451896307709064,0.0,1.0,0.0,-0.059451896307709064,0.0,0.9982311716358178,0.21941784254244173,0.0,0.7388945780334633,0
0.9979984378269044,0.0,0.06323858074829349,0.0,1.0,0.0,-0.06323858074829349,0.0,0.9979984378269044,0.22070725251626216,0.0,0.7379631049192587,0
0.9977418583548725,0.0,0.0671653488531508,0.0,1.0,0.0,-0.0671653488531508,0.0,0.9977418583548725,0.22204469031196386,0.0,0.7369969363817793,0
0.9974596873989678,0.0,0.07123322268403591,0.0,1.0,0.0,-0.07123322268403591,0.0,0.9974596873989678,0.22343056200453343,0.0,0.7359957790714003,0
0.9971501059711168,0.0,0.07544313197230462,0.0,1.0,0.0,-0.07544313197230462,0.0,0.9971501059711168,0.224865248697668,0.0,0.734959357677821,0
0.9968112219502211,0.0,0.07979591339227228,0.0,1.0,0.0,-0.07979591339227228,0.0,0.9968112219502211,0.22634910676504383,0.0,0.7338874147557719,0
0.9964410702654374,0.0,0.08429230978131859,0.0,1.0,0.0,-0.08429230978131859,0.0,0.9964410702654374,0.22788246809158466,0.0,0.7327797105507221,0
0.9960376132305027,0.0,0.08893296930882008,0.0,1.0,0.0,-0.08893296930882008,0.0,0.9960376132305027,0.22946564031473024,0.0,0.7316360228245861,0
0.9955987410309695,0.0,0.09371844459629357,0.0,1.0,0.0,-0.09371844459629357,0.0,0.9955987410309695,0.23109890706570482,0.0,0.7304561466814307,0
0.9951222723660124,0.0,0.09864919179143836,0.0,1.0,0.0,-0.09864919179143836,0.0,0.9951222723660124,0.2327825282107858,0.0,0.7292398943931823,0
0.994605955246272,0.0,0.10372556959906569,0.0,1.0,0.0,-0.10372556959906569,0.0,0.994605955246272,0.23451674009257184,0.0,0.7279870952253337,0
0.9940474679489975,0.0,0.108947838272207,0.0,1.0,0.0,-0.108947838272207,0.0,0.9940474679489975,0.23630175577125187,0.0,0.7266975952626508,0
0.9934444201315376,0.0,0.11431615856698932,0.0,1.0,0.0,-0.11431615856698932,0.0,0.9934444201315376,0.2381377652658732,0.0,0.7253712572348805,0
0.9927943541040304,0.0,0.11983059066516011,0.0,1.0,0.0,-0.11983059066516011,0.0,0.9927943541040304,0.24002493579561013,0.0,0.724007960342457,0
0.992094746261913,0.0,0.12549109306843473,0.0,1.0,0.0,-0.12549109306843473,0.0,0.992094746261913,0.2419634120210325,0.0,0.7226076000822087,0
0.991343008678664,0.0,0.1312975214691211,0.0,1.0,0.0,-0.1312975214691211,0.0,0.991343008678664,0.24395331628537417,0.0,0.7211700880730656,0
0.9905364908589587,0.0,0.1372496276017537,0.0,1.0,0.0,-0.1372496276017537,0.0,0.9905364908589587,0.24599474885580144,0.0,0.7196953518817668,0
0.989672481652187,0.0,0.14334705808073506,0.0,1.0,0.0,-0.14334705808073506,0.0,0.989672481652187,0.2480877881646817,0.0,0.718183334848566,0
0.9887482113260466,0.0,0.1495893532292438,0.0,1.0,0.0,-0.1495893532292438,0.0,0.9887482113260466,0.25023249105085166,0.0,0.7166339959129399,0
0.9877608537996774,0.0,0.15597594590491312,0.0,1.0,0.0,-0.15597594590491312,0.0,0.9877608537996774,0.2524288930008862,0.0,0.7150473094392947,0
0.9867075290355509,0.0,0.16250616032802398,0.0,1.0,0.0,-0.16250616032802398,0.0,0.9867075290355509,0.2546770083903667,0.0,0.7134232650426733,0
0.9855853055890713,0.0,0.1691792109181769,0.0,1.0,0.0,-0.1691792109181769,0.0,0.9855853055890713,0.2569768307251493,0.0,0.7117618674144618,0
0.9843912033145739,0.0,0.1759942011456207,0.0,1.0,0.0,-0.1759942011456207,0.0,0.9843912033145739,0.25932833288263385,0.0,0.7100631361480972,0
0.9831221962261376,0.0,0.18295012240360953,0.0,1.0,0.0,-0.18295012240360953,0.0,0.9831221962261376,0.2617314673530321,0.0,0.7083271055647739,0
0.9817752155113415,0.0,0.19004585290834136,0.0,1.0,0.0,-0.19004585290834136,0.0,0.9817752155113415,0.2641861664806362,0.0,0.7065538245391508,0
0.9803471526958104,0.0,0.19728015663319357,0.0,1.0,0.0,-0.19728015663319357,0.0,0.9803471526958104,0.26669234270508735,0.0,0.7047433563250586,0
0.9788348629560962,0.0,0.20465168228411976,0.0,1.0,0.0,-0.20465168228411976,0.0,0.9788348629560962,0.2692498888026442,0.0,0.7028957783812066,0
0.9772351685781396,0.0,0.21215896232319534,0.0,1.0,0.0,-0.21215896232319534,0.0,0.9772351685781396,0.27185867812745146,0.0,0.7010111821968897,0
0.975544862558246,0.0,0.21980041204741402,0.0,1.0,0.0,-0.21980041204741402,0.0,0.975544862558246,0.2745185648528082,0.0,0.6990896731176953,0
0.9737607123431951,0.0,0.2275743287299192,0.0,1.0,0.0,-0.2275743287299192,0.0,0.9737607123431951,0.2772293842124364,0.0,0.6971313701712106,0
0.971879463705781,0.0,0.23547889083092666,0.0,1.0,0.0,-0.23547889083092666,0.0,0.971879463705781,0.2799909527417497,0.0,0.6951364058927295,0
0.9698978447517522,0.0,0.24351215728563932,0.0,1.0,0.0,-0.24351215728563932,0.0,0.9698978447517522,0.28280306851912135,0.0,0.6931049261509594,0
0.9678125700537903,0.0,0.2516720668764756,0.0,1.0,0.0,-0.2516720668764756,0.0,0.9678125700537903,0.2856655114071535,0.0,0.6910370899737284,0
0.9656203449078312,0.0,0.2599564376969361,0.0,1.0,0.0,-0.2599564376969361,0.0,0.9656203449078312,0.288578043293945,0.0,0.6889330693736924,0
0.9633178697066924,0.0,0.2683629667144106,0.0,1.0,0.0,-0.2683629667144106,0.0,0.9633178697066924,0.29154040833436,0.0,0.6867930491740418,0
0.9609018444256311,0.0,0.2768892294391754,0.0,1.0,0.0,-0.2768892294391754,0.0,0.9609018444256311,0.29455233319129703,0.0,0.6846172268342091,0
0.9583689732141137,0.0,0.2855326797067638,0.0,1.0,0.0,-0.2855326797067638,0.0,0.9583689732141137,0.29761352727695667,0.0,0.6824058122755751,0
0.9557159690877388,0.0,0.2942906495807916,0.0,1.0,0.0,-0.2942906495807916,0.0,0.9557159690877388,0.3007236829941105,0.0,0.6801590277071766,0
0.9529395587139078,0.0,0.303160349383198,0.0,1.0,0.0,-0.303160349383198,0.0,0.9529395587139078,0.3038824759773697,0.0,0.6778771074514129,0
0.9500364872845042,0.0,0.3121388678587147,0.0,1.0,0.0,-0.3121388678587147,0.0,0.9500364872845042,0.3070895653344534,0.0,0.6755602977697536,0
0.9470035234685017,0.0,0.32122317248019805,0.0,1.0,0.0,-0.32122317248019805,0.0,0.9470035234685017,0.31034459388745694,0.0,0.6732088566884443,0
0.9438374644370893,0.0,0.33041010990126535,0.0,1.0,0.0,-0.33041010990126535,0.0,0.9438374644370893,0.3136471884141207,0.0,0.6708230538242148,0
0.9405351409535767,0.0,0.33969640656244166,0.0,1.0,0.0,-0.33969640656244166,0.0,0.9405351409535767,0.3169969598890985,0.0,0.6684031702099856,0
0.9370934225200203,0.0,0.3490786694567786,0.0,1.0,0.0,-0.3490786694567786,0.0,0.9370934225200203,0.3203935037252262,0.0,0.6659494981205752,0
0.9335092225722006,0.0,0.3585533870606239,0.0,1.0,0.0,-0.3585533870606239,0.0,0.9335092225722006,0.32383640001478997,0.0,0.6634623408984065,0
0.9297795037142804,0.0,0.36811693043491833,0.0,1.0,0.0,-0.36811693043491833,0.0,0.9297795037142804,0.32732521377079465,0.0,0.6609420127792148,0
0.9259012829841752,0.0,0.37776555450207255,0.0,1.0,0.0,-0.37776555450207255,0.0,0.9259012829841752,0.330859495168233,0.0,0.6583888387177538,0
0.9218716371404019,0.0,0.38749539950311057,0.0,1.0,0.0,-0.38749539950311057,0.0,0.9218716371404019,0.3344387797853533,0.0,0.6558031542135029,0
0.9176877079608914,0.0,0.3973024926394066,0.0,1.0,0.0,-0.3973024926394066,0.0,0.9176877079608914,0.33806258884492835,0.0,0.6531853051363747,0
0.9133467075440146,0.0,0.40718274990292547,0.0,1.0,0.0,-0.40718274990292547,0.0,0.9133467075440146,0.3417304294555241,0.0,0.6505356475524217,0
0.9088459236018301,0.0,0.41713197809846275,0.0,1.0,0.0,-0.41713197809846275,0.0,0.9088459236018301,0.3454417948527675,0.0,0.6478545475495429,0
0.9041827247353525,0.0,0.42714587706093293,0.0,1.0,0.0,-0.42714587706093293,0.0,0.9041827247353525,0.3491961646406156,0.0,0.6451423810631916,0
0.8993545656814435,0.0,0.43722004207028553,0.0,1.0,0.0,-0.43722004207028553,0.0,0.8993545656814435,0.3529930050326239,0.0,0.6423995337020818,0
0.894358992520754,0.0,0.44734996646614594,0.0,1.0,0.0,-0.44734996646614594,0.0,0.894358992520754,0.3568317690932148,0.0,0.6396264005738952,0
0.8891936478359987,0.0,0.45753104446377174,0.0,1.0,0.0,-0.45753104446377174,0.0,0.8891936478359987,0.36071189697894585,0.0,0.6368233861109888,0
0.8838562758097089,0.0,0.46775857417239475,0.0,1.0,0.0,-0.46775857417239475,0.0,0.8838562758097089,0.3646328161797787,0.0,0.6339909038961012,0
0.8783447272505158,0.0,0.47802776081647924,0.0,1.0,0.0,-0.47802776081647924,0.0,0.8783447272505158,0.36859394176034765,0.0,0.6311293764880604,0
0.8726569645369355,0.0,0.4883337201598736,0.0,1.0,0.0,-0.4883337201598736,0.0,0.8726569645369355,0.37259467660122736,0.0,0.6282392352474899,0
0.8667910664675783,0.0,0.49867148213227336,0.0,1.0,0.0,-0.49867148213227336,0.0,0.8667910664675783,0.37663441164020217,0.0,0.6253209201625162,0
0.8607452330066856,0.0,0.5090359946568283,0.0,1.0,0.0,-0.5090359946568283,0.0,0.8607452330066856,0.38071252611353423,0.0,0.622374879674476,0
0.8545177899139066,0.0,0.5194221276771452,0.0,1.0,0.0,-0.5194221276771452,0.0,0.8545177899139066,0.38482838779723205,0.0,0.6194015705036229,0
0.8481071932472639,0.0,0.5298246773813469,0.0,1.0,0.0,-0.5298246773813469,0.0,0.8481071932472639,0.3889813532483192,0.0,0.6164014574748343,0
0.8415120337283314,0.0,0.5402383706202362,0.0,1.0,0.0,-0.5402383706202362,0.0,0.8415120337283314,0.3931707680461022,0.0,0.613375013343319,0
0.8347310409587445,0.0,0.5506578695160279,0.0,1.0,0.0,-0.5506578695160279,0.0,0.8347310409587445,0.39739596703344005,0.0,0.6103227186203232,0
0.8277630874773013,0.0,0.5610777762574861,0.0,1.0,0.0,-0.5610777762574861,0.0,0.8277630874773013,0.4016562745580116,0.0,0.6072450613988389,0
0.8206071926470759,0.0,0.5714926380767165,0.0,1.0,0.0,-0.5714926380767165,0.0,0.8206071926470759,0.4059510047135848,0.0,0.6041425371793097,0
0.8132625263621708,0.0,0.581896952402244,0.0,1.0,0.0,-0.581896952402244,0.0,0.8132625263621708,0.41027946158128487,0.0,0.601015648695338,0
0.8057284125639587,0.0,0.5922851721824236,0.0,1.0,0.0,-0.5922851721824236,0.0,0.8057284125639587,0.414640939470863,0.0,0.5978649057393928,0
0.7980043325569438,0.0,0.6026517113726191,0.0,1.0,0.0,-0.6026517113726191,0.0,0.7980043325569438,0.41903472316196466,0.0,0.5946908249885158,0
0.7900899281146588,0.0,0.6129909505790223,0.0,1.0,0.0,-0.6129909505790223,0.0,0.7900899281146588,0.42346008814539804,0.0,0.591493929830029,0
0.781985004366354,0.0,0.6232972428513971,0.0,1.0,0.0,-0.6232972428513971,0.0,0.781985004366354,0.427916300864403,0.0,0.5882747501872413,0
0.7736895324556029,0.0,0.6335649196164751,0.0,1.0,0.0,-0.6335649196164751,0.0,0.7736895324556029,0.4324026189559189,0.0,0.585033822345156,0
0.7652036519623368,0.0,0.6437882967431942,0.0,1.0,0.0,-0.6437882967431942,0.0,0.7652036519623368,0.43691829149185385,0.0,0.581771688776177,0
0.7565276730802598,0.0,0.6539616807304289,0.0,1.0,0.0,-0.6539616807304289,0.0,0.7565276730802598,0.4414625592203524,0.0,0.5784888979658169,0
0.7476620785420506,0.0,0.6640793750073711,0.0,1.0,0.0,-0.6640793750073711,0.0,0.7476620785420506,0.44603465480706456,0.0,0.5751860042384029,0
0.7386075252852483,0.0,0.6741356863362162,0.0,1.0,0.0,-0.6741356863362162,0.0,0.7386075252852483,0.45063380307641443,0.0,0.571863567582785,0
0.7293648458522415,0.0,0.6841249313063631,0.0,1.0,0.0,-0.6841249313063631,0.0,0.7293648458522415,0.455259221252868,0.0,0.5685221534780418,0
0.7199350495183195,0.0,0.6940414429088906,0.0,1.0,0.0,-0.6940414429088906,0.0,0.7199350495183195,0.4599101192022026,0.0,0.565162332719188,0
0.7103193231423285,0.0,0.7038795771796652,0.0,1.0,0.0,-0.7038795771796652,0.0,0.7103193231423285,0.46458569967277435,0.0,0.5617846812428822,0
0.700519031735059,0.0,0.7136337198990638,0.0,1.0,0.0,-0.7136337198990638,0.0,0.700519031735059,0.46928515853678776,0.0,0.5583897799531321,0
0.6905357187411287,0.0,0.7232982933359325,0.0,1.0,0.0,-0.7232982933359325,0.0,0.6905357187411287,0.47400768503156326,0.0,0.5549782145470037,0
0.6803711060307515,0.0,0.7328677630231063,0.0,1.0,0.0,-0.7328677630231063,0.0,0.6803711060307515,0.47875246200080623,0.0,0.5515505753403267,0
0.6700270935984574,0.0,0.7423366445515162,0.0,1.0,0.0,-0.7423366445515162,0.0,0.6700270935984574,0.48351866613587524,0.0,0.5481074570934018,0
0.6595057589665019,0.0,0.7516995103696811,0.0,1.0,0.0,-0.7516995103696811,0.0,0.6595057589665019,0.48830546821705095,0.0,0.5446494588367082,0
0.6488093562914035,0.0,0.7609509965751636,0.0,1.0,0.0,-0.7609509965751636,0.0,0.6488093562914035,0.49311203335480414,0.0,0.5411771836966106,0
0.6379403151727517,0.0,0.770085809684408,0.0,1.0,0.0,-0.770085809684408,0.0,0.6379403151727517,0.4979375212310644,0.0,0.5376912387210654,0
0.6269012391641545,0.0,0.7790987333672463,0.0,1.0,0.0,-0.7790987333672463,0.0,0.6269012391641545,0.5027810863404887,0.0,0.5341922347053288,0
0.6156949039869208,0.0,0.7879846351322698,0.0,1.0,0.0,-0.7879846351322698,0.0,0.6156949039869208,0.5076418782317297,0.0,0.5306807860176628,0
0.6043242554478077,0.0,0.7967384729492187,0.0,1.0,0.0,-0.7967384729492187,0.0,0.6043242554478077,0.5125190417487046,0.0,0.527157510425043,0
0.5927924070629058,0.0,0.8053553017945347,0.0,1.0,0.0,-0.8053553017945347,0.0,0.5927924070629058,0.5174117172718633,0.0,0.523623028918865,0
0.5811026373904803,0.0,0.8138302801062566,0.0,1.0,0.0,-0.8138302801062566,0.0,0.5811026373904803,0.5223190409594566,0.0,0.5200779655406523,0
0.5692583870763103,0.0,0.8221586761345268,0.0,1.0,0.0,-0.8221586761345268,0.0,0.5692583870763103,0.5272401449888058,0.0,0.516522947207762,0
0.557263255615833,0.0,0.8303358741740855,0.0,1.0,0.0,-0.8303358741740855,0.0,0.557263255615833,0.5321741577975698,0.0,0.5129586035390932,0
0.5451209978381039,0.0,0.8383573806653043,0.0,1.0,0.0,-0.8383573806653043,0.0,0.5451209978381039,0.5371202043250151,0.0,0.5093855666807927,0
0.5328355201173222,0.0,0.846218830150513,0.0,1.0,0.0,-0.846218830150513,0.0,0.5328355201173222,0.5420774062532824,0.0,0.5058044711319631,0
0.5204108763183761,0.0,0.8539159910726228,0.0,1.0,0.0,-0.8539159910726228,0.0,0.5204108763183761,0.5470448822486572,0.0,0.5022159535703693,0
0.5078512634835616,0.0,0.8614447714033385,0.0,1.0,0.0,-0.8614447714033385,0.0,0.5078512634835616,0.5520217482028369,0.0,0.4986206526781453,0
0.4951610172683063,0.0,0.8688012240885806,0.0,1.0,0.0,-0.8688012240885806,0.0,0.4951610172683063,0.5570071174741995,0.0,0.49501920896750196,0
0.4823446071343944,0.0,0.8759815522991148,0.0,1.0,0.0,-0.8759815522991148,0.0,0.4823446071343944,0.5620001011290723,0.0,0.49141226460643317,0
0.46940663130982485,0.0,0.8829821144747849,0.0,1.0,0.0,-0.8829821144747849,0.0,0.46940663130982485,0.5669998081830007,0.0,0.48780046324442317,0
0.45635181152506354,0.0,0.8897994291511953,0.0,1.0,0.0,-0.8897994291511953,0.0,0.45635181152506354,0.5720053458420162,0.0,0.48418444983815384,0
0.443184987536019,0.0,0.8964301795581733,0.0,1.0,0.0,-0.8964301795581733,0.0,0.443184987536019,0.5770158197439051,0.0,0.48056487047721136,0
0.42991111144465877,0.0,0.9028712179798503,0.0,1.0,0.0,-0.9028712179798503,0.0,0.42991111144465877,0.5820303341994766,0.0,0.47694237220979363,0
0.41653524182869406,0.0,0.9091195698667538,0.0,1.0,0.0,-0.9091195698667538,0.0,0.41653524182869406,0.5870479924338322,0.0,0.4733176028684167,0
0.4030625376922785,0.0,0.9151724376908761,0.0,1.0,0.0,-0.9151724376908761,0.0,0.4030625376922785,0.5920678968276331,0.0,0.46969121089562216,0
0.3894982522501186,0.0,0.9210272045352965,0.0,1.0,0.0,-0.9210272045352965,0.0,0.3894982522501186,0.5970891491583699,0.0,0.4660638451696841,0
0.37584772655783083,0.0,0.9266814374105645,0.0,1.0,0.0,-0.9266814374105645,0.0,0.37584772655783083,0.60211085084163,0.0,0.46243615483031597,0
0.3621163830017732,0.0,0.9321328902907101,0.0,1.0,0.0,-0.9321328902907101,0.0,0.3621163830017732,0.6071321031723669,0.0,0.4588087891043778,0
0.34830971866193106,0.0,0.9373795068624268,0.0,1.0,0.0,-0.9373795068624268,0.0,0.34830971866193106,0.6121520075661678,0.0,0.45518239713158326,0
0.33443329856174486,0.0,0.9424194229816737,0.0,1.0,0.0,-0.9424194229816737,0.0,0.33443329856174486,0.6171696658005237,0.0,0.45155762779020603,0
0.32049274881906453,0.0,0.9472509688326531,0.0,1.0,0.0,-0.9472509688326531,0.0,0.32049274881906453,0.6221841802560948,0.0,0.4479351295227887,0
0.3064937497125916,0.0,0.9518726707848667,0.0,1.0,0.0,-0.9518726707848667,0.0,0.3064937497125916,0.6271946541579838,0.0,0.4443155501618461,0
0.2924420286784466,0.0,0.9562832529446673,0.0,1.0,0.0,-0.9562832529446673,0.0,0.2924420286784466,0.632200191816999,0.0,0.4406995367555769,0
0.2783433532515315,0.0,0.9604816383985136,0.0,1.0,0.0,-0.9604816383985136,0.0,0.2783433532515315,0.6371998988709275,0.0,0.43708773539356693,0
0.2642035239665603,0.0,0.964466950145857,0.0,1.0,0.0,-0.964466950145857,0.0,0.2642035239665603,0.6421928825258004,0.0,0.43348079103249804,0
0.25002836723361377,0.0,0.9682385117203783,0.0,1.0,0.0,-0.9682385117203783,0.0,0.25002836723361377,0.647178251797163,0.0,0.4298793473218546,0
0.23582372820312547,0.0,0.9717958474990406,0.0,1.0,0.0,-0.9717958474990406,0.0,0.23582372820312547,0.6521551177513428,0.0,0.4262840464296306,0
0.22159546363515603,0.0,0.9751386826991945,0.0,1.0,0.0,-0.9751386826991945,0.0,0.22159546363515603,0.6571225937467173,0.0,0.42269552886803696,0
0.20734943478772816,0.0,0.9782669430647289,0.0,1.0,0.0,-0.9782669430647289,0.0,0.20734943478772816,0.6620797956749849,0.0,0.4191144333192073,0
0.19309150033890832,0.0,0.9811807542430036,0.0,1.0,0.0,-0.9811807542430036,0.0,0.19309150033890832,0.66702584220243,0.0,0.41554139646090693,0
0.17882750935710334,0.0,0.9838804408550539,0.0,1.0,0.0,-0.9838804408550539,0.0,0.17882750935710334,0.6719598550111942,0.0,0.41197705279223795,0
0.16456329433388517,0.0,0.9863665252622775,0.0,1.0,0.0,-0.9863665252622775,0.0,0.16456329433388517,0.6768809590405435,0.0,0.4084220344593476,0
0.15030466429337608,0.0,0.9886397260335311,0.0,1.0,0.0,-0.9886397260335311,0.0,0.15030466429337608,0.6817882827281371,0.0,0.4048769710811347,0
0.1360573979919517,0.0,0.9907009561172633,0.0,1.0,0.0,-0.9907009561172633,0.0,0.1360573979919517,0.6866809582512953,0.0,0.4013424895749571,0
0.12182723722168376,0.0,0.9925513207239873,0.0,1.0,0.0,-0.9925513207239873,0.0,0.12182723722168376,0.6915581217682703,0.0,0.3978192139823372,0
0.10761988023060642,0.0,0.9941921149250531,0.0,1.0,0.0,-0.9941921149250531,0.0,0.10761988023060642,0.6964189136595114,0.0,0.39430776529467115,0
0.0934409752724421,0.0,0.995624820974314,0.0,1.0,0.0,-0.995624820974314,0.0,0.0934409752724421,0.7012624787689355,0.0,0.3908087612789345,0
0.07929611429802952,0.0,0.9968511053598896,0.0,1.0,0.0,-0.9968511053598896,0.0,0.07929611429802952,0.7060879666451958,0.0,0.3873228163033894,0
0.06519082680021548,0.0,0.9978728155938031,0.0,1.0,0.0,-0.9978728155938031,0.0,0.06519082680021548,0.7108945317829488,0.0,0.3838505411632918,0
0.051130573823462644,0.0,0.9986919767478276,0.0,1.0,0.0,-0.9986919767478276,0.0,0.051130573823462644,0.7156813338641246,0.0,0.3803925429065983,0
0.03712074214891847,0.0,0.9993107877443901,0.0,1.0,0.0,-0.9993107877443901,0.0,0.03712074214891847,0.7204475379991937,0.0,0.37694942465967335,0
0.023166638665117034,0.0,0.9997316174118731,0.0,1.0,0.0,-0.9997316174118731,0.0,0.023166638665117034,0.7251923149684364,0.0,0.37352178545299647,0
0.009273484933914444,0.0,0.9999570003141037,0.0,1.0,0.0,-0.9999570003141037,0.0,0.009273484933914444,0.7299148414632123,0.0,0.37011022004686767,0
-0.004553588039317935,0.0,0.9999896323642401,0.0,1.0,0.0,-0.9999896323642401,0.0,-0.004553588039317935,0.7346143003272257,0.0,0.36671531875711777,0
-0.018309544822904034,0.0,0.9998323662336492,0.0,1.0,0.0,-0.9998323662336492,0.0,-0.018309544822904034,0.7392898807977974,0.0,0.36333766728081185,0
-0.03198945035569012,0.0,0.9994882065667112,0.0,1.0,0.0,-0.9994882065667112,0.0,-0.03198945035569012,0.7439407787471319,0.0,0.35997784652195824,0
-0.04558847451642789,0.0,0.9989603050127993,0.0,1.0,0.0,-0.9989603050127993,0.0,-0.04558847451642789,0.7485661969235857,0.0,0.35663643241721477,0
-0.0591018964592771,0.0,0.9982519550869494,0.0,1.0,0.0,-0.9982519550869494,0.0,-0.0591018964592771,0.7531653451929357,0.0,0.35331399576159683,0
-0.07252510870969298,0.0,0.9973665868709696,0.0,1.0,0.0,-0.9973665868709696,0.0,-0.07252510870969298,0.7577374407796477,0.0,0.35001110203418306,0
-0.08585362101563021,0.0,0.9963077615669289,0.0,1.0,0.0,-0.9963077615669289,0.0,-0.08585362101563021,0.7622817085081465,0.0,0.34672831122382275,0
-0.09908306394968625,0.0,0.9950791659151258,0.0,1.0,0.0,-0.9950791659151258,0.0,-0.09908306394968625,0.7667973810440809,0.0,0.34346617765484416,0
-0.11220919225853887,0.0,0.9936846064887421,0.0,1.0,0.0,-0.9936846064887421,0.0,-0.11220919225853887,0.7712836991355967,0.0,0.3402252498127588,0
-0.12522788795665307,0.0,0.9921280038774815,0.0,1.0,0.0,-0.9921280038774815,0.0,-0.12522788795665307,0.7757399118546022,0.0,0.3370060701699708,0
-0.13813516316200314,0.0,0.9904133867725167,0.0,1.0,0.0,-0.9904133867725167,0.0,-0.13813516316200314,0.7801652768380354,0.0,0.3338091750114841,0
-0.15092716267221418,0.0,0.9885448859650809,0.0,1.0,0.0,-0.9885448859650809,0.0,-0.15092716267221418,0.7845590605291372,0.0,0.33063509426060705,0
-0.16360016628018137,0.0,0.9865267282710068,0.0,1.0,0.0,-0.9865267282710068,0.0,-0.16360016628018137,0.788920538418715,0.0,0.3274843513046621,0
-0.17615059082896733,0.0,0.9843632303934385,0.0,1.0,0.0,-0.9843632303934385,0.0,-0.17615059082896733,0.7932489952864151,0.0,0.32435746282069033,0
-0.18857499200637573,0.0,0.9820587927358501,0.0,1.0,0.0,-0.9820587927358501,0.0,-0.18857499200637573,0.7975437254419883,0.0,0.32125493860116106,0
-0.20087006588031353,0.0,0.9796178931773544,0.0,1.0,0.0,-0.9796178931773544,0.0,-0.20087006588031353,0.8018040329665599,0.0,0.3181772813796767,0
-0.2130326501766462,0.0,0.9770450808221259,0.0,1.0,0.0,-0.9770450808221259,0.0,-0.2130326501766462,0.8060292319538981,0.0,0.31512498665668076,0
-0.22505972530190532,0.0,0.974344969734555,0.0,1.0,0.0,-0.974344969734555,0.0,-0.22505972530190532,0.810218646751681,0.0,0.31209854252516545,0
-0.23694841511380993,0.0,0.9715222326715193,0.0,1.0,0.0,-0.9715222326715193,0.0,-0.23694841511380993,0.8143716122027677,0.0,0.3090984294963772,0
-0.24869598744314136,0.0,0.9685815948229044,0.0,1.0,0.0,-0.9685815948229044,0.0,-0.24869598744314136,0.8184874738864664,0.0,0.3061251203255235,0
-0.2602998543710666,0.0,0.965527827571221,0.0,1.0,0.0,-0.965527827571221,0.0,-0.2602998543710666,0.8225655883597977,0.0,0.3031790798374838,0
-0.2717575722666348,0.0,0.9623657422808362,0.0,1.0,0.0,-0.9623657422808362,0.0,-0.2717575722666348,0.8266053233987726,0.0,0.30026076475251007,0
-0.2830668415895343,0.0,0.9591001841270418,0.0,1.0,0.0,-0.9591001841270418,0.0,-0.2830668415895343,0.8306060582396523,0.0,0.29737062351193955,0
-0.2942255064638819,0.0,0.9557360259747836,0.0,1.0,0.0,-0.9557360259747836,0.0,-0.2942255064638819,0.8345671838202213,0.0,0.2945090961038985,0
-0.30523155402914126,0.0,0.9522781623165342,0.0,1.0,0.0,-0.9522781623165342,0.0,-0.30523155402914126,0.8384881030210544,0.0,0.291676613889011,0
-0.3160831135748079,0.0,0.9487315032783802,0.0,1.0,0.0,-0.9487315032783802,0.0,-0.3160831135748079,0.8423682309067855,0.0,0.28887359942610463,0
-0.3267784554658655,0.0,0.945100968702997,0.0,1.0,0.0,-0.945100968702997,0.0,-0.3267784554658655,0.8462069949673765,0.0,0.28610046629791797,0
-0.3373159898664366,0.0,0.9413914823177582,0.0,1.0,0.0,-0.9413914823177582,0.0,-0.3373159898664366,0.8500038353593846,0.0,0.2833576189368082,0
-0.3476942652694237,0.0,0.9376079659957863,0.0,1.0,0.0,-0.9376079659957863,0.0,-0.3476942652694237,0.8537582051472326,0.0,0.2806454524504569,0
-0.3579119668402353,0.0,0.9337553341173235,0.0,1.0,0.0,-0.9337553341173235,0.0,-0.3579119668402353,0.8574695705444761,0.0,0.27796435244757806,0
-0.36796791458304345,0.0,0.9298384880383292,0.0,1.0,0.0,-0.9298384880383292,0.0,-0.36796791458304345,0.8611374111550716,0.0,0.2753146948636252,0
-0.37786106133828246,0.0,0.9258623106727624,0.0,1.0,0.0,-0.9258623106727624,0.0,-0.37786106133828246,0.8647612202146466,0.0,0.2726968457864971,0
-0.38759049062032425,0.0,0.9218316611945461,0.0,1.0,0.0,-0.9218316611945461,0.0,-0.38759049062032425,0.8683405048317675,0.0,0.2701111612822458,0
-0.39715541430452306,0.0,0.9177513698647377,0.0,1.0,0.0,-0.9177513698647377,0.0,-0.39715541430452306,0.8718747862292053,0.0,0.26755798722078505,0
-0.40655517017301457,0.0,0.9136262329889566,0.0,1.0,0.0,-0.9136262329889566,0.0,-0.40655517017301457,0.8753635999852106,0.0,0.26503765910159294,0
-0.41578921932874957,0.0,0.9094610080096832,0.0,1.0,0.0,-0.9094610080096832,0.0,-0.41578921932874957,0.8788064962747733,0.0,0.2625505018794252,0
-0.4248571434875146,0.0,0.9052604087375242,0.0,1.0,0.0,-0.9052604087375242,0.0,-0.4248571434875146,0.8822030401109016,0.0,0.26009682979001425,0
-0.4337586421576052,0.0,0.9010291007251601,0.0,1.0,0.0,-0.9010291007251601,0.0,-0.4337586421576052,0.8855528115858792,0.0,0.2576769461757853,0
-0.44249352971712774,0.0,0.8967716967871351,0.0,1.0,0.0,-0.8967716967871351,0.0,-0.44249352971712774,0.8888554061125433,0.0,0.2552911433115555,0
-0.4510617323987307,0.0,0.8924927526683093,0.0,1.0,0.0,-0.8924927526683093,0.0,-0.4510617323987307,0.8921104346655464,0.0,0.25293970223024653,0
-0.45946328519177615,0.0,0.8881967628632637,0.0,1.0,0.0,-0.8881967628632637,0.0,-0.45946328519177615,0.8953175240226295,0.0,0.25062289254858744,0
-0.4676983286718408,0.0,0.8838881565885849,0.0,1.0,0.0,-0.8838881565885849,0.0,-0.4676983286718408,0.8984763170058894,0.0,0.24834097229282343,0
-0.4757671057674695,0.0,0.8795712939095077,0.0,1.0,0.0,-0.8795712939095077,0.0,-0.4757671057674695,0.9015864727230434,0.0,0.2460941877244248,0
-0.4836699584740649,0.0,0.875250462021984,0.0,1.0,0.0,-0.875250462021984,0.0,-0.4836699584740649,0.9046476668087026,0.0,0.2438827731657911,0
-0.49140732452468217,0.0,0.8709298716908805,0.0,1.0,0.0,-0.8709298716908805,0.0,-0.49140732452468217,0.90765959166564,0.0,0.24170695082595806,0
-0.4989797340274189,0.0,0.866613653844622,0.0,1.0,0.0,-0.866613653844622,0.0,-0.4989797340274189,0.9106219567060553,0.0,0.23956693062630746,0
-0.5063878060790254,0.0,0.8623058563262058,0.0,1.0,0.0,-0.8623058563262058,0.0,-0.5063878060790254,0.9135344885928466,0.0,0.2374629100262715,0
-0.5136322453641398,0.0,0.8580104408002225,0.0,1.0,0.0,-0.8580104408002225,0.0,-0.5136322453641398,0.9163969314808783,0.0,0.23539507384904082,0
-0.5207138387494674,0.0,0.8537312798151382,0.0,1.0,0.0,-0.8537312798151382,0.0,-0.5207138387494674,0.9192090472582501,0.0,0.23336359410727053,0
-0.5276334518820129,0.0,0.8494721540198193,0.0,1.0,0.0,-0.8494721540198193,0.0,-0.5276334518820129,0.9219706157875632,0.0,0.23136862982878953,0
-0.5343920258003103,0.0,0.8452367495329581,0.0,1.0,0.0,-0.8452367495329581,0.0,-0.5343920258003103,0.9246814351471917,0.0,0.22941032688230467,0
-0.540990573567349,0.0,0.8410286554638139,0.0,1.0,0.0,-0.8410286554638139,0.0,-0.540990573567349,0.9273413218725488,0.0,0.22748881780311003,0
-0.5474301769337251,0.0,0.8368513615823961,0.0,1.0,0.0,-0.8368513615823961,0.0,-0.5474301769337251,0.9299501111973559,0.0,0.22560422161879318,0
-0.5537119830392554,0.0,0.832708256137007,0.0,1.0,0.0,-0.832708256137007,0.0,-0.5537119830392554,0.9325076572949126,0.0,0.22375664367494139,0
-0.5598372011610833,0.0,0.8286026238168238,0.0,1.0,0.0,-0.8286026238168238,0.0,-0.5598372011610833,0.9350138335193634,0.0,0.2219461754608495,0
-0.5658070995160136,0.0,0.8245376438570139,0.0,1.0,0.0,-0.8245376438570139,0.0,-0.5658070995160136,0.9374685326469684,0.0,0.22017289443522575,0
-0.5716230021245434,0.0,0.8205163882836981,0.0,1.0,0.0,-0.8205163882836981,0.0,-0.5716230021245434,0.9398716671173662,0.0,0.2184368638519026,0
-0.577286285743817,0.0,0.8165418202958793,0.0,1.0,0.0,-0.8165418202958793,0.0,-0.577286285743817,0.9422231692748512,0.0,0.2167381325855377,0
-0.582798376876325,0.0,0.8126167927813952,0.0,1.0,0.0,-0.8126167927813952,0.0,-0.582798376876325,0.9445229916096327,0.0,0.215076734957327,0
-0.5881607488610161,0.0,0.8087440469637156,0.0,1.0,0.0,-0.8087440469637156,0.0,-0.5881607488610161,0.946771106999114,0.0,0.21345269056070493,0
-0.59337491905301,0.0,0.8049262111764245,0.0,1.0,0.0,-0.8049262111764245,0.0,-0.59337491905301,0.9489675089491487,0.0,0.21186600408705974,0
-0.5984424460979512,0.0,0.8011657997620099,0.0,1.0,0.0,-0.8011657997620099,0.0,-0.5984424460979512,0.9511122118353186,0.0,0.21031666515143382,0
-0.6033649273065669,0.0,0.7974652120916255,0.0,1.0,0.0,-0.7974652120916255,0.0,-0.6033649273065669,0.9532052511441982,0.0,0.20880464811823346,0
-0.6081439961347548,0.0,0.7938267317023604,0.0,1.0,0.0,-0.7938267317023604,0.0,-0.6081439961347548,0.9552466837146254,0.0,0.20732991192693456,0
-0.6127813197741427,0.0,0.7902525255485487,0.0,1.0,0.0,-0.7902525255485487,0.0,-0.6127813197741427,0.9572365879789672,0.0,0.20589239991779154,0
-0.6172785968577539,0.0,0.7867446433636028,0.0,1.0,0.0,-0.7867446433636028,0.0,-0.6172785968577539,0.9591750642043897,0.0,0.2044920396575432,0
-0.6216375552850328,0.0,0.7833050171288626,0.0,1.0,0.0,-0.7833050171288626,0.0,-0.6216375552850328,0.9610622347341268,0.0,0.20312874276511947,0
-0.6258599501701587,0.0,0.7799354606459477,0.0,1.0,0.0,-0.7799354606459477,0.0,-0.6258599501701587,0.9628982442287474,0.0,0.20180240473734967,0
-0.6299475619172274,0.0,0.7766376692090985,0.0,1.0,0.0,-0.7766376692090985,0.0,-0.6299475619172274,0.9646832599074286,0.0,0.20051290477466596,0
-0.6339021944254746,0.0,0.7734132193740729,0.0,1.0,0.0,-0.7734132193740729,0.0,-0.6339021944254746,0.9664174717892139,0.0,0.19926010560681787,0
-0.6377256734274928,0.0,0.7702635688200831,0.0,1.0,0.0,-0.7702635688200831,0.0,-0.6377256734274928,0.9681010929342951,0.0,0.19804385331856927,0
-0.6414198449628299,0.0,0.7671900563014742,0.0,1.0,0.0,-0.7671900563014742,0.0,-0.6414198449628299,0.9697343596852696,0.0,0.19686397717541398,0
-0.6449865739892235,0.0,0.7641939016857199,0.0,1.0,0.0,-0.7641939016857199,0.0,-0.6449865739892235,0.9713175319084152,0.0,0.195720289449278,0
-0.6484277431331995,0.0,0.7612762060745005,0.0,1.0,0.0,-0.7612762060745005,0.0,-0.6484277431331995,0.972850893234956,0.0,0.1946125852442282,0
-0.651745251581493,0.0,0.7584379520046295,0.0,1.0,0.0,-0.7584379520046295,0.0,-0.651745251581493,0.974334751302332,0.0,0.19354064232217894,0
-0.654941014114371,0.0,0.755680003725677,0.0,1.0,0.0,-0.755680003725677,0.0,-0.654941014114371,0.9757694379954667,0.0,0.19250422092859953,0
-0.6580169602815755,0.0,0.7530031075512209,0.0,1.0,0.0,-0.7530031075512209,0.0,-0.6580169602815755,0.9771553096880363,0.0,0.19150306361822053,0
-0.6609750337212543,0.0,0.7504078922807161,0.0,1.0,0.0,-0.7504078922807161,0.0,-0.6609750337212543,0.978492747483738,0.0,0.19053689508074118,0
-0.6638171916218965,0.0,0.7478948696890616,0.0,1.0,0.0,-0.7478948696890616,0.0,-0.6638171916218965,0.9797821574575574,0.0,0.18960542196653726,0
-0.666545404326951,0.0,0.7454644350809913,0.0,1.0,0.0,-0.7454644350809913,0.0,-0.666545404326951,0.9810239708970421,0.0,0.18870833271236406,0
-0.6691616550813881,0.0,0.7431168679075569,0.0,1.0,0.0,-0.7431168679075569,0.0,-0.6691616550813881,0.9822186445435596,0.0,0.18784529736707142,0
-0.6716679399192678,0.0,0.7408523324419023,0.0,1.0,0.0,-0.7408523324419023,0.0,-0.6716679399192678,0.9833666608335796,0.0,0.18701596741730042,0
-0.6740662676908087,0.0,0.7386708785117923,0.0,1.0,0.0,-0.7386708785117923,0.0,-0.6740662676908087,0.9844685281399287,0.0,0.18621997561320083,0
-0.676358660227357,0.0,0.7365724422861981,0.0,1.0,0.0,-0.7365724422861981,0.0,-0.676358660227357,0.9855247810130694,0.0,0.18545693579413008,0
-0.6785471526421025,0.0,0.7345568471134792,0.0,1.0,0.0,-0.7345568471134792,0.0,-0.6785471526421025,0.9865359804223631,0.0,0.18472644271436425,0
-0.6806337937641835,0.0,0.7326238044086303,0.0,1.0,0.0,-0.7326238044086303,0.0,-0.6806337937641835,0.9875027139973411,0.0,0.1840280718688039,0
-0.682620646703433,0.0,0.7307729145871426,0.0,1.0,0.0,-0.7307729145871426,0.0,-0.682620646703433,0.9884255962689723,0.0,0.18336137931868074,0
-0.6845097895426935,0.0,0.7290036680430473,0.0,1.0,0.0,-0.7290036680430473,0.0,-0.6845097895426935,0.9893052689109292,0.0,0.18272590151726703,0
-0.6863033161543282,0.0,0.727315446168698,0.0,1.0,0.0,-0.727315446168698,0.0,-0.6863033161543282,0.9901424009808626,0.0,0.18212115513557814,0
-0.6880033371371672,0.0,0.7257075224139,0.0,1.0,0.0,-0.7257075224139,0.0,-0.6880033371371672,0.9909376891616649,0.0,0.18154663688808298,0
-0.689611980869878,0.0,0.7241790633819258,0.0,1.0,0.0,-0.7241790633819258,0.0,-0.689611980869878,0.991691858002735,0.0,0.1810018233584139,0
-0.6911313946764277,0.0,0.7227291299599151,0.0,1.0,0.0,-0.7227291299599151,0.0,-0.6911313946764277,0.9924056601612602,0.0,0.18048617082506366,0
-0.6925637460988767,0.0,0.7213566784812425,0.0,1.0,0.0,-0.7213566784812425,0.0,-0.6925637460988767,0.9930798766434682,0.0,0.17999911508710492,0
-0.6939112242726515,0.0,0.7200605619171417,0.0,1.0,0.0,-0.7200605619171417,0.0,-0.6939112242726515,0.9937153170459117,0.0,0.1795400712898852,0
-0.6951760413988772,0.0,0.7188395310950745,0.0,1.0,0.0,-0.7188395310950745,0.0,-0.6951760413988772,0.9943128197967204,0.0,0.17910843375074587,0
-0.6963604343083261,0.0,0.7176922359409497,0.0,1.0,0.0,-0.7176922359409497,0.0,-0.6963604343083261,0.9948732523968848,0.0,0.17870357578471788,0
-0.6974666661109743,0.0,0.7166172267424519,0.0,1.0,0.0,-0.7166172267424519,0.0,-0.6974666661109743,0.995397511661513,0.0,0.17832484953023814,0
-0.6984970279251137,0.0,0.715612955430366,0.0,1.0,0.0,-0.715612955430366,0.0,-0.6984970279251137,0.9958865239611091,0.0,0.17797158577484815,0
-0.6994538406794606,0.0,0.7146777768748317,0.0,1.0,0.0,-0.7146777768748317,0.0,-0.6994538406794606,0.9963412454628287,0.0,0.1776430937809111,0
-0.7003394569816481,0.0,0.713809950193082,0.0,1.0,0.0,-0.713809950193082,0.0,-0.7003394569816481,0.996762662371766,0.0,0.17733866111130542,0
-0.7011562630459469,0.0,0.7130076400652683,0.0,1.0,0.0,-0.7130076400652683,0.0,-0.7011562630459469,0.9971517911722001,0.0,0.17705755345514762,0
-0.701906680673106,0.0,0.7122689180544538,0.0,1.0,0.0,-0.7122689180544538,0.0,-0.701906680673106,0.9975096788688868,0.0,0.17679901445348278,0
-0.7025931692745968,0.0,0.7115917639269567,0.0,1.0,0.0,-0.7115917639269567,0.0,-0.7025931692745968,0.997837403228305,0.0,0.1765622655250069,0
